
**************************************************
   Exercice 10.2 : Calcul pratique d un choc droit
**************************************************

 a0                      =    347.22378950757394     
 M0                      =    2.3039896002936451     
 Ti0                     =    618.50208469567610     
 Pi0                     =    1258257.9866582081     
 T0/Ti0                  =   0.48504282753971661     
 Pi0/Po                  =    12.582579866582080     

##################################################
   Grandeur en aval du choc droit
##################################################

 Pi1/Pi0                 =   0.58153797423892828     
 T1/Ti1                  =   0.94605808159722227     
 P1/P0                   =    6.0264294246381489     
 M1                      =   0.53393611361814119     
 T1                      =    585.13889571107404     
 P1                      =    602642.94246381486     
 Pi1                     =    731724.80063116679     
 a1                      =    484.92919233125292     
 U1                      =    258.92120833333331     
 s1-s0                   =    155.60811508026450     

##################################################
   Ecoulement isentropique de U0 à U1
##################################################

 P1/Pi0                  =   0.82359234229042211     
 P0/Pi0                  =    7.9474957489114595E-002
 P1/P0                   =    10.362916424374642     
 a1                      =    484.92919233125292     
 M1                      =   0.53393611361814119     
 T1                      =    585.13889571107404     
 P1                      =    1036291.6424374642     
