
**************************************************
   Exercice 10.1 : Choc droit
**************************************************

 P0                      =    100000.00000000000     
 T0/Ti0                  =   0.35714285714285715     
 P0/Pi0                  =    2.7223683703862824E-002
 T0                      =    278.68932410871673     
 rho0                    =    1.2500000000000000     
 Ti0                     =    780.33010750440678     
 Pi0                     =    3673272.1804952058     
 rhoi0                   =    16.398536520067886        16.398536520067882     
 a0                      =    334.66401061363024     
 U0                      =    1003.9920318408907     

##################################################
   Grandeur en aval du choc droit
##################################################

 Pi1/Pi0                 =   0.32834388819073679     
 P1/P0                   =    10.333333333333334     
 rho1/rho0               =    3.8571428571428572     
 M1                      =   0.47519096331149141     
 T1                      =    746.61213989619171     
 P1                      =    1033333.3333333334     
 rho1                    =    4.8214285714285712     
 Pi1                     =    1206096.4701266617     
 a1                      =    547.76763569605805     
 U1                      =    260.29423047726789     
 s1-s0                   =    319.69470916269034     
