function [eta,f,u,g]=profile
 % Generated in fortran from turbulent_mixing.f90 
 % Christophe Airiau, mars 2006 - mai 2020
 % data of the solution
% U1 =   1.00000    U2=  0.25000
% U(0) =   1.21026    dU/d eta(0) =   0.32119
%    eta     f        df/deta       d2f/deta^2
 % eta grid 
eta(    1) = -0.92432E+01 ;
eta(    2) = -0.92148E+01 ;
eta(    3) = -0.91864E+01 ;
eta(    4) = -0.91580E+01 ;
eta(    5) = -0.91296E+01 ;
eta(    6) = -0.91012E+01 ;
eta(    7) = -0.90728E+01 ;
eta(    8) = -0.90444E+01 ;
eta(    9) = -0.90160E+01 ;
eta(   10) = -0.89876E+01 ;
eta(   11) = -0.89592E+01 ;
eta(   12) = -0.89308E+01 ;
eta(   13) = -0.89024E+01 ;
eta(   14) = -0.88740E+01 ;
eta(   15) = -0.88456E+01 ;
eta(   16) = -0.88172E+01 ;
eta(   17) = -0.87888E+01 ;
eta(   18) = -0.87604E+01 ;
eta(   19) = -0.87320E+01 ;
eta(   20) = -0.87036E+01 ;
eta(   21) = -0.86752E+01 ;
eta(   22) = -0.86468E+01 ;
eta(   23) = -0.86184E+01 ;
eta(   24) = -0.85900E+01 ;
eta(   25) = -0.85616E+01 ;
eta(   26) = -0.85332E+01 ;
eta(   27) = -0.85048E+01 ;
eta(   28) = -0.84764E+01 ;
eta(   29) = -0.84480E+01 ;
eta(   30) = -0.84196E+01 ;
eta(   31) = -0.83912E+01 ;
eta(   32) = -0.83628E+01 ;
eta(   33) = -0.83344E+01 ;
eta(   34) = -0.83060E+01 ;
eta(   35) = -0.82776E+01 ;
eta(   36) = -0.82492E+01 ;
eta(   37) = -0.82208E+01 ;
eta(   38) = -0.81924E+01 ;
eta(   39) = -0.81640E+01 ;
eta(   40) = -0.81356E+01 ;
eta(   41) = -0.81072E+01 ;
eta(   42) = -0.80788E+01 ;
eta(   43) = -0.80504E+01 ;
eta(   44) = -0.80220E+01 ;
eta(   45) = -0.79936E+01 ;
eta(   46) = -0.79652E+01 ;
eta(   47) = -0.79368E+01 ;
eta(   48) = -0.79084E+01 ;
eta(   49) = -0.78800E+01 ;
eta(   50) = -0.78516E+01 ;
eta(   51) = -0.78232E+01 ;
eta(   52) = -0.77948E+01 ;
eta(   53) = -0.77664E+01 ;
eta(   54) = -0.77380E+01 ;
eta(   55) = -0.77096E+01 ;
eta(   56) = -0.76812E+01 ;
eta(   57) = -0.76528E+01 ;
eta(   58) = -0.76244E+01 ;
eta(   59) = -0.75960E+01 ;
eta(   60) = -0.75676E+01 ;
eta(   61) = -0.75392E+01 ;
eta(   62) = -0.75108E+01 ;
eta(   63) = -0.74824E+01 ;
eta(   64) = -0.74540E+01 ;
eta(   65) = -0.74256E+01 ;
eta(   66) = -0.73972E+01 ;
eta(   67) = -0.73688E+01 ;
eta(   68) = -0.73404E+01 ;
eta(   69) = -0.73120E+01 ;
eta(   70) = -0.72836E+01 ;
eta(   71) = -0.72552E+01 ;
eta(   72) = -0.72268E+01 ;
eta(   73) = -0.71984E+01 ;
eta(   74) = -0.71700E+01 ;
eta(   75) = -0.71416E+01 ;
eta(   76) = -0.71132E+01 ;
eta(   77) = -0.70848E+01 ;
eta(   78) = -0.70564E+01 ;
eta(   79) = -0.70280E+01 ;
eta(   80) = -0.69996E+01 ;
eta(   81) = -0.69712E+01 ;
eta(   82) = -0.69428E+01 ;
eta(   83) = -0.69144E+01 ;
eta(   84) = -0.68860E+01 ;
eta(   85) = -0.68576E+01 ;
eta(   86) = -0.68292E+01 ;
eta(   87) = -0.68008E+01 ;
eta(   88) = -0.67724E+01 ;
eta(   89) = -0.67440E+01 ;
eta(   90) = -0.67156E+01 ;
eta(   91) = -0.66872E+01 ;
eta(   92) = -0.66588E+01 ;
eta(   93) = -0.66304E+01 ;
eta(   94) = -0.66020E+01 ;
eta(   95) = -0.65736E+01 ;
eta(   96) = -0.65452E+01 ;
eta(   97) = -0.65168E+01 ;
eta(   98) = -0.64884E+01 ;
eta(   99) = -0.64600E+01 ;
eta(  100) = -0.64316E+01 ;
eta(  101) = -0.64032E+01 ;
eta(  102) = -0.63748E+01 ;
eta(  103) = -0.63464E+01 ;
eta(  104) = -0.63180E+01 ;
eta(  105) = -0.62896E+01 ;
eta(  106) = -0.62612E+01 ;
eta(  107) = -0.62328E+01 ;
eta(  108) = -0.62044E+01 ;
eta(  109) = -0.61760E+01 ;
eta(  110) = -0.61476E+01 ;
eta(  111) = -0.61192E+01 ;
eta(  112) = -0.60908E+01 ;
eta(  113) = -0.60624E+01 ;
eta(  114) = -0.60340E+01 ;
eta(  115) = -0.60056E+01 ;
eta(  116) = -0.59772E+01 ;
eta(  117) = -0.59488E+01 ;
eta(  118) = -0.59204E+01 ;
eta(  119) = -0.58920E+01 ;
eta(  120) = -0.58636E+01 ;
eta(  121) = -0.58352E+01 ;
eta(  122) = -0.58068E+01 ;
eta(  123) = -0.57784E+01 ;
eta(  124) = -0.57500E+01 ;
eta(  125) = -0.57216E+01 ;
eta(  126) = -0.56932E+01 ;
eta(  127) = -0.56648E+01 ;
eta(  128) = -0.56364E+01 ;
eta(  129) = -0.56080E+01 ;
eta(  130) = -0.55796E+01 ;
eta(  131) = -0.55512E+01 ;
eta(  132) = -0.55228E+01 ;
eta(  133) = -0.54944E+01 ;
eta(  134) = -0.54660E+01 ;
eta(  135) = -0.54376E+01 ;
eta(  136) = -0.54092E+01 ;
eta(  137) = -0.53808E+01 ;
eta(  138) = -0.53524E+01 ;
eta(  139) = -0.53240E+01 ;
eta(  140) = -0.52956E+01 ;
eta(  141) = -0.52672E+01 ;
eta(  142) = -0.52388E+01 ;
eta(  143) = -0.52104E+01 ;
eta(  144) = -0.51820E+01 ;
eta(  145) = -0.51536E+01 ;
eta(  146) = -0.51252E+01 ;
eta(  147) = -0.50968E+01 ;
eta(  148) = -0.50684E+01 ;
eta(  149) = -0.50400E+01 ;
eta(  150) = -0.50116E+01 ;
eta(  151) = -0.49832E+01 ;
eta(  152) = -0.49548E+01 ;
eta(  153) = -0.49264E+01 ;
eta(  154) = -0.48980E+01 ;
eta(  155) = -0.48696E+01 ;
eta(  156) = -0.48412E+01 ;
eta(  157) = -0.48128E+01 ;
eta(  158) = -0.47844E+01 ;
eta(  159) = -0.47560E+01 ;
eta(  160) = -0.47276E+01 ;
eta(  161) = -0.46992E+01 ;
eta(  162) = -0.46708E+01 ;
eta(  163) = -0.46424E+01 ;
eta(  164) = -0.46140E+01 ;
eta(  165) = -0.45856E+01 ;
eta(  166) = -0.45572E+01 ;
eta(  167) = -0.45288E+01 ;
eta(  168) = -0.45004E+01 ;
eta(  169) = -0.44720E+01 ;
eta(  170) = -0.44436E+01 ;
eta(  171) = -0.44152E+01 ;
eta(  172) = -0.43868E+01 ;
eta(  173) = -0.43584E+01 ;
eta(  174) = -0.43300E+01 ;
eta(  175) = -0.43016E+01 ;
eta(  176) = -0.42732E+01 ;
eta(  177) = -0.42448E+01 ;
eta(  178) = -0.42164E+01 ;
eta(  179) = -0.41880E+01 ;
eta(  180) = -0.41596E+01 ;
eta(  181) = -0.41312E+01 ;
eta(  182) = -0.41028E+01 ;
eta(  183) = -0.40744E+01 ;
eta(  184) = -0.40460E+01 ;
eta(  185) = -0.40176E+01 ;
eta(  186) = -0.39892E+01 ;
eta(  187) = -0.39608E+01 ;
eta(  188) = -0.39324E+01 ;
eta(  189) = -0.39040E+01 ;
eta(  190) = -0.38756E+01 ;
eta(  191) = -0.38472E+01 ;
eta(  192) = -0.38188E+01 ;
eta(  193) = -0.37904E+01 ;
eta(  194) = -0.37620E+01 ;
eta(  195) = -0.37336E+01 ;
eta(  196) = -0.37052E+01 ;
eta(  197) = -0.36768E+01 ;
eta(  198) = -0.36484E+01 ;
eta(  199) = -0.36200E+01 ;
eta(  200) = -0.35916E+01 ;
eta(  201) = -0.35632E+01 ;
eta(  202) = -0.35348E+01 ;
eta(  203) = -0.35064E+01 ;
eta(  204) = -0.34780E+01 ;
eta(  205) = -0.34496E+01 ;
eta(  206) = -0.34212E+01 ;
eta(  207) = -0.33928E+01 ;
eta(  208) = -0.33644E+01 ;
eta(  209) = -0.33360E+01 ;
eta(  210) = -0.33076E+01 ;
eta(  211) = -0.32792E+01 ;
eta(  212) = -0.32508E+01 ;
eta(  213) = -0.32224E+01 ;
eta(  214) = -0.31940E+01 ;
eta(  215) = -0.31656E+01 ;
eta(  216) = -0.31372E+01 ;
eta(  217) = -0.31088E+01 ;
eta(  218) = -0.30804E+01 ;
eta(  219) = -0.30520E+01 ;
eta(  220) = -0.30236E+01 ;
eta(  221) = -0.29952E+01 ;
eta(  222) = -0.29668E+01 ;
eta(  223) = -0.29384E+01 ;
eta(  224) = -0.29100E+01 ;
eta(  225) = -0.28816E+01 ;
eta(  226) = -0.28532E+01 ;
eta(  227) = -0.28248E+01 ;
eta(  228) = -0.27964E+01 ;
eta(  229) = -0.27680E+01 ;
eta(  230) = -0.27396E+01 ;
eta(  231) = -0.27112E+01 ;
eta(  232) = -0.26828E+01 ;
eta(  233) = -0.26544E+01 ;
eta(  234) = -0.26260E+01 ;
eta(  235) = -0.25976E+01 ;
eta(  236) = -0.25692E+01 ;
eta(  237) = -0.25408E+01 ;
eta(  238) = -0.25124E+01 ;
eta(  239) = -0.24840E+01 ;
eta(  240) = -0.24556E+01 ;
eta(  241) = -0.24272E+01 ;
eta(  242) = -0.23988E+01 ;
eta(  243) = -0.23704E+01 ;
eta(  244) = -0.23420E+01 ;
eta(  245) = -0.23136E+01 ;
eta(  246) = -0.22852E+01 ;
eta(  247) = -0.22568E+01 ;
eta(  248) = -0.22284E+01 ;
eta(  249) = -0.22000E+01 ;
eta(  250) = -0.21716E+01 ;
eta(  251) = -0.21432E+01 ;
eta(  252) = -0.21148E+01 ;
eta(  253) = -0.20864E+01 ;
eta(  254) = -0.20580E+01 ;
eta(  255) = -0.20296E+01 ;
eta(  256) = -0.20012E+01 ;
eta(  257) = -0.19728E+01 ;
eta(  258) = -0.19444E+01 ;
eta(  259) = -0.19160E+01 ;
eta(  260) = -0.18876E+01 ;
eta(  261) = -0.18592E+01 ;
eta(  262) = -0.18308E+01 ;
eta(  263) = -0.18024E+01 ;
eta(  264) = -0.17740E+01 ;
eta(  265) = -0.17456E+01 ;
eta(  266) = -0.17172E+01 ;
eta(  267) = -0.16888E+01 ;
eta(  268) = -0.16604E+01 ;
eta(  269) = -0.16320E+01 ;
eta(  270) = -0.16036E+01 ;
eta(  271) = -0.15752E+01 ;
eta(  272) = -0.15468E+01 ;
eta(  273) = -0.15184E+01 ;
eta(  274) = -0.14900E+01 ;
eta(  275) = -0.14616E+01 ;
